7594
2872
4434
4092
2785
4713
5060
7898
8866
7439
7178
2380
6702
2814
7636
7158
8242
7159
5641
2908
3884
5481
8490
4621
8169
7992
7815
8066
3142
6887
4884
4189
5235
8102
7138
4825
5324
2960
5934
7964
7002
4189
4669
2142
8023
8386
2448
5289
4375
7294
8722
8398
4098
7398
4657
6780
5386
3481
2675
8181
2102
2891
5878
8828
6691
5405
2606
2962
8829
5191
5760
7840
3462
4084
7922
4511
2421
7983
7131
4402
2088
3519
2619
6439
8039
4562
8172
4886
8296
8890
8050
3372
6450
2498
5168
8466
4700
8034
5154
4683
5779
3419
6289
3822
3926
4757
5754
7681
5709
3033
8879
7959
4049
2964
4788
8094
8776
8988
8993
6439
4808
2172
2727
6401
6875
4983
6125
3572
4786
8819
7072
6050
7551
2732
8060
5190
2122
8749
3803
6847
2017
8116
2329
5825
8214
6017
3614
7230
6590
2966
4254
6741
4887
2208
8564
4853
8437
3862
5106
3225
4378
3461
8254
3471
2714
3365
4523
5810
4556
5599
6738
8282
7230
2507
5752
7318
4137
6118
6057
8607
8867
4387
5440
4283
7489
5950
8321
8855
7511
8868
3722
5604
8339
6350
8900
6049
2163
8865
2583
7612
7417
6559
3439
6814
7582
2143
3231
3886
4419
7292
2585
6708
2361
6397
4572
2955
5455
5289
7124
8095
6157
5142
7066
5343
8228
2023
4522
3682
4357
5749
8518
7003
6271
2139
8212
5877
3288
3867
8454
2454
3133
7976
2122
3986
3248
3293
4070
2388
8008
8201
7225
6211
6937
8666
7459
7727
2895
2268
8716
7482
2154
4944
7678
7054
8912
5089
6745
4459
5960
5733
7510
8082
5615
4261
3225
4343
5390
3273
4386
4243
3497
4760
2863
7124
2604
6234
6719
4439
8266
2743
5021
5089
4051
2146
7942
6828
7772
4799
7014
4859
8285
6878
6713
4353
4234
4058
8098
3350
8949
8303
2450
6392
5668
2365
8446
7836
5236
3141
6664
3575
5727
3335
5667
4843
5325
7300
3267
8358
5705
8957
3915
4365
5443
8979
5543
3045
3587
3130
4469
3960
8189
3461
7888
3015
7565
5393
3554
5676
5476
5682
2016
7099
5919
6179
6544
8028
5802
7238
4466
6920
4149
3929
6559
3083
3366
5152
7510
4442
8092
8199
3853
3667
5411
6185
2380
3424
6557
5518
4790
3529
3828
6750
2765
8661
4206
5457
6215
8781
2718
6255
5418
3766
2859
3125
6201
4067
8397
4839
4875
3850
4482
2941
6839
7919
4203
2004
3441
5372
6548
4110
5381
4715
5705
8585
3486
4646
7528
7299
5160
7629
2401
5695
2480
6971
4625
4100
8175
4548
5139
2567
3320
3428
8568
5339
6788
6248
6893
6992
4509
3688
4582
3101
5971
6979
3238
2548
3120
8184
8342
2660
5812
8197
6547
5555
2845
3165
2120
7114
6923
7020
2678
7183
4218
5215
5537
2281
6286
6143
3398
2584
2301
3843
8389
2266
2904
2486
6669
8506
8098
7269
7281
5654
7127
8105
2503
7644
6613
2985
6094
2480
3358
8989
4406
6183
8956
7352
5102
7346
2935
4547